    unsorted:	 782.1556953 788.1487385 769.1071232 756.6977195 758.8419209 749.2455600 743.8015354 796.4219096 734.4681935 807.4314046 816.8215953 725.8846426 718.4838280 832.1112213 844.6378543 853.3180255 857.6458274 872.7353509 898.4710197 886.9254650 902.0950370 906.7390380 919.9594664 700.7463769 931.0150152 938.1306269 944.1840444 663.5990038 637.6199708 1043.144936 539.1187381 1188.403412 398.2426985 242.1596800 165.4270662 118.9374250 84.75221305 60.35636801 9.616328722 1579.831430 1981.109586 2179.919992 3031.374625 3426.995137 4048.055735 4635.076717 5266.015921 5396.317932 5819.875390 6222.102208 7132.173442 8052.632582 9903.627843 12191.95230 13520.44717 14793.86839 14938.56840 15301.12254 15639.93129 16088.95302 16558.16511 16817.15066 17859.06075 19352.96010 19926.90548 22342.11037 34761.00817 40748.18210 204424.2120 248227.6252
      sorted:	 9.616328722 60.35636801 84.75221305 118.9374250 165.4270662 242.1596800 398.2426985 539.1187381 637.6199708 663.5990038 700.7463769 718.4838280 725.8846426 734.4681935 743.8015354 749.2455600 756.6977195 758.8419209 769.1071232 782.1556953 788.1487385 796.4219096 807.4314046 816.8215953 832.1112213 844.6378543 853.3180255 857.6458274 872.7353509 886.9254650 898.4710197 902.0950370 906.7390380 919.9594664 931.0150152 938.1306269 944.1840444 1043.144936 1188.403412 1579.831430 1981.109586 2179.919992 3031.374625 3426.995137 4048.055735 4635.076717 5266.015921 5396.317932 5819.875390 6222.102208 7132.173442 8052.632582 9903.627843 12191.95230 13520.44717 14793.86839 14938.56840 15301.12254 15639.93129 16088.95302 16558.16511 16817.15066 17859.06075 19352.96010 19926.90548 22342.11037 34761.00817 40748.18210 204424.2120 248227.6252
