    unsorted:	 849.2652578 843.1019560 835.0781877 830.1927467 859.6253313 867.7881394 811.2659555 814.2392546 797.8872206 787.8538003 778.9185745 764.8815902 761.5515436 751.7898730 886.8161348 740.3848033 904.7108769 912.9815188 918.1205854 926.3667427 931.2113666 935.5257065 944.4541779 951.2451872 955.4205734 731.4556704 710.2876474 700.8939137 1001.986065 1062.424951 571.3048921 525.9926686 1144.403685 421.8283830 1428.317955 160.9694536 151.2086884 105.4291298 71.22668878 12.91380912 4.848401013 1945.861119 2377.468378 3467.815760 4414.777784 4835.351580 5043.587129 5311.308244 5967.427814 6773.621184 6755.452089 7165.778147 8226.135989 10665.41411 11898.79512 13247.10260 14563.09764 14711.85079 15083.32504 15416.42952 15854.27361 16341.61390 16526.95897 17656.89658 19111.52701 19792.77119 22180.92703 34274.09753 35926.72633 204260.7186 237139.6326
      sorted:	 4.848401013 12.91380912 71.22668878 105.4291298 151.2086884 160.9694536 421.8283830 525.9926686 571.3048921 700.8939137 710.2876474 731.4556704 740.3848033 751.7898730 761.5515436 764.8815902 778.9185745 787.8538003 797.8872206 811.2659555 814.2392546 830.1927467 835.0781877 843.1019560 849.2652578 859.6253313 867.7881394 886.8161348 904.7108769 912.9815188 918.1205854 926.3667427 931.2113666 935.5257065 944.4541779 951.2451872 955.4205734 1001.986065 1062.424951 1144.403685 1428.317955 1945.861119 2377.468378 3467.815760 4414.777784 4835.351580 5043.587129 5311.308244 5967.427814 6755.452089 6773.621184 7165.778147 8226.135989 10665.41411 11898.79512 13247.10260 14563.09764 14711.85079 15083.32504 15416.42952 15854.27361 16341.61390 16526.95897 17656.89658 19111.52701 19792.77119 22180.92703 34274.09753 35926.72633 204260.7186 237139.6326
