    unsorted:	 775.0864342 788.9214082 784.6193385 794.8110044 763.5060367 757.6577071 748.7844012 804.5702637 738.5549855 732.8911513 729.2523738 721.3825618 820.2027102 837.0413609 849.4509806 858.8447183 875.9755014 881.2965863 901.5495156 909.7754194 697.3042728 923.7725135 934.2717514 951.1835532 679.3350378 967.3838611 969.7475165 979.9296889 639.4017781 1083.602485 541.9052063 1199.227379 357.4066230 379.3025645 167.1268758 113.0577442 71.30436442 84.18249471 12.98550019 1626.061372 2065.175055 2233.248083 2885.809208 3133.512410 3691.304488 4127.788062 4518.769995 5231.317102 5596.498075 6073.541099 6924.075422 7848.963176 9892.849223 11927.40255 13238.22778 14401.88951 14563.34721 14899.18744 15267.78402 15912.94237 16223.13543 17003.01057 17683.39132 19005.59852 19616.40868 21973.07900 34381.96123 45125.95995 204473.4095 246062.9946
      sorted:	 12.98550019 71.30436442 84.18249471 113.0577442 167.1268758 357.4066230 379.3025645 541.9052063 639.4017781 679.3350378 697.3042728 721.3825618 729.2523738 732.8911513 738.5549855 748.7844012 757.6577071 763.5060367 775.0864342 784.6193385 788.9214082 794.8110044 804.5702637 820.2027102 837.0413609 849.4509806 858.8447183 875.9755014 881.2965863 901.5495156 909.7754194 923.7725135 934.2717514 951.1835532 967.3838611 969.7475165 979.9296889 1083.602485 1199.227379 1626.061372 2065.175055 2233.248083 2885.809208 3133.512410 3691.304488 4127.788062 4518.769995 5231.317102 5596.498075 6073.541099 6924.075422 7848.963176 9892.849223 11927.40255 13238.22778 14401.88951 14563.34721 14899.18744 15267.78402 15912.94237 16223.13543 17003.01057 17683.39132 19005.59852 19616.40868 21973.07900 34381.96123 45125.95995 204473.4095 246062.9946
